# Generated from /tmp/calibrate_compass.KtxH/imu_record.bag on 2018-05-07.
mag_bias:
     x: -8.729771
     y: 1.315389
     z: 0.077472
     radius: 9.682936
